

0.705749  1.089307 1  ||-10.270303  -1.907491 99  ||-12.203332  -2.625680 98  ||-3.140294  0.158345 0  ||-3.888912  -0.016480 0  ||-2.723177  0.082626 0  ||4.604264  1.910458 1  ||-3.852813  -0.536768 0  ||

0.518424  0.864339 0  ||-25.740458  -6.307913 94  ||-7.524529  -1.785243 99  ||-40.656849  -9.586466 91  ||-8.672286  -1.776733 99  ||-11.895034  -2.383408 98  ||-14.358925  -3.569314 97  ||-5.851398  -0.804687 0  ||

-5.905912  -1.337863 99  ||4.648227  1.730556 1  ||-1.096692  0.125284 0  ||9.242528  3.097369 3  ||-11.349119  -1.939852 99  ||6.029202  1.959768 1  ||0.653872  0.411217 0  ||12.596501  3.515683 3  ||

8.014942  2.695712 2  ||9.155972  2.746130 2  ||13.205275  3.569180 3  ||11.134729  2.888940 2  ||-16.967072  -3.438521 97  ||-3.615242  -0.595299 0  ||-18.195476  -4.089230 96  ||-4.210970  -0.164196 0  ||

-23.494597  -5.814718 95  ||-19.392731  -4.147539 96  ||-15.339018  -3.121720 97  ||-1.781430  -0.122319 0  ||-10.847287  -1.833224 99  ||-0.506282  0.727124 0  ||-13.176054  -2.453412 98  ||-9.651542  -2.229591 98  ||